time,u,v,r,x,y,ψ,x1,y1,x2,y2,δ,n_p,X_F,Y_F,N_F
0.0,1.4,0.0,0.0,0.0,0.0,0.0,3.0,0.0,-3.0,0.0,0.17453292519943295,21.21824,0.0,0.0,0.0
0.25,1.4081063047112548,-0.0029355658333423238,0.0036299611744068454,0.35,0.0,0.0,3.35,0.0,-2.65,3.6739403974420594e-16,0.17453292519943295,21.21824,0.0,0.0,0.0
0.5,1.416151465535729,-0.0061507896672571135,0.00698224366296945,0.7020273324909941,-0.0007153661520734365,0.0009190014686230868,3.7020260656455344,0.0020416378657182,-2.2979714006635463,-0.0034723701698652527,0.17453292519943295,21.21824,8.871061181112752,1.7570260774240667,3.037316102259431
0.75,1.4241051328137748,-0.009839123378364763,0.010027762533057715,1.0560642048997386,-0.001964460736202804,0.0026572287913654217,4.056053613608697,0.0060072162567300896,-1.943925203809219,-0.009936137729134924,0.17453292519943295,21.21824,8.023521646222918,1.6091108221299728,8.410881966470306
1.0,1.431999773138605,-0.013684594038146848,0.012746787544343764,1.4120994719911013,-0.0034840334784384396,0.00513084089272547,4.412059983785331,0.01190842166377839,-1.587861039803128,-0.018876488620655073,0.17453292519943295,21.21824,12.192724022113858,4.334620917468069,8.870296877305702
1.25,1.4398073995038898,-0.017960055939361844,0.01530982835642071,1.770110829238345,-0.005114255947545002,0.008301940946875757,4.7700074464969,0.019791280799953525,-1.2297857880202099,-0.030019792695043485,0.17453292519943295,21.21824,8.896889349522981,3.9638526908670206,17.633184300750383
1.5,1.4474184715578107,-0.022282897514078515,0.017622752646802946,2.1300631657698497,-0.006612746498495382,0.012093515968428085,5.1298437887508666,0.02966691705598351,-0.8697174572111662,-0.04289241005297355,0.17453292519943295,21.21824,12.05666582845061,2.806053049776361,11.02524775278433
1.75,1.4549784383194322,-0.026766898104280654,0.01981850434003455,2.491953865317588,-0.0078030578531136695,0.0164816948746631,5.491546405142554,0.04163978820584621,-0.5076386745073779,-0.05724590391207343,0.17453292519943295,21.21824,9.335930740915117,3.3693002311811946,10.350459793324505
2.0,1.462391212785834,-0.03161694188345344,0.0218409529058191,2.855744373832395,-0.00853493815709775,0.021413293232018203,5.855056606422553,0.05570003234218233,-0.14356785875776326,-0.07276990865637788,0.17453292519943295,21.21824,6.344153739038466,4.5397082685918075,-4.079331649829441
2.25,1.4696037425893047,-0.0363232216963646,0.023872273210771032,3.221398272100603,-0.00855925288630621,0.026885389240876332,6.220314101176424,0.07208719848311515,0.22248244302478215,-0.08920570425572708,0.17453292519943295,21.21824,13.835683952107376,13.925402320603775,23.54153510803409
2.5,1.476706325871058,-0.041387767683211785,0.025681705558174388,3.588898665877811,-0.007782725232607286,0.032825151262939056,6.587282575162684,0.09067504511369062,0.5905147565929383,-0.10624049557890501,0.17453292519943295,21.21824,16.474325098159042,-2.115484602531224,5.507593071064012
2.75,1.4836576496910279,-0.0464178694560693,0.027470479287515923,3.9582039215513634,-0.005968997077620265,0.03924314060262645,6.955894181868882,0.11173020936613541,0.9605136612338451,-0.12366820352137615,0.17453292519943295,21.21824,16.579633959911323,-2.6189776642320712,5.6222779622728165
3.0,1.4904560864008602,-0.05145576515450399,0.029230936516623056,4.3292766235571225,-0.002958777980405789,0.04611545073038837,7.326087236644893,0.13533854406343077,1.3324660104693515,-0.14125610002424216,0.17453292519943295,21.21824,11.986451732677393,7.173535265853039,12.513182404089262
3.25,1.497092924247211,-0.05667659161953441,0.030888448656618793,4.7020762924799175,0.0013856442021612449,0.05341081083020034,7.697798237560538,0.16154190465546994,1.7063543473992973,-0.1587706162511467,0.17453292519943295,21.21824,10.018311607784401,6.894095242082995,13.582816503439032
3.5,1.5035400259076606,-0.06179731648444667,0.03251932011011866,5.076553453750784,0.0072697874419776366,0.061125986482103524,8.070950619271093,0.19053357307335703,2.0821562882304763,-0.17599399818940134,0.17453292519943295,21.21824,13.231570109592946,-7.619813159735817,-5.634732589837971
3.75,1.5098315449345592,-0.06719162745883851,0.03408196650833049,5.4526676442554045,0.014806558117959485,0.06924142170560013,8.445478955329873,0.2223648783672616,2.459856333180935,-0.19275176213134237,0.17453292519943295,21.21824,8.396460522804285,2.7151179396910976,21.262822613915965
4.0,1.5159240440250374,-0.07257171752934742,0.03560181798069664,5.830361756905729,0.024196275121493388,0.0777489004428417,8.821298986294556,0.25720805563031346,2.8394245275169028,-0.20881550538732696,0.17453292519943295,21.21824,10.230703957860918,6.8035813877096185,18.40252539157901
4.25,1.5217500130867299,-0.07774945261384279,0.037159861020247036,6.209568516959679,0.0356284744580237,0.0866522836426414,9.198312635223832,0.29526012803946117,3.220824398695526,-0.22400317912341397,0.17453292519943295,21.21824,8.825028974465598,2.1752974808296353,6.333274643985455
4.5,1.5275511263884414,-0.08330504792491454,0.03854969820569005,6.590272142026607,0.04918037096973905,0.0959088040121947,9.576484967300882,0.3364658773348047,3.6040593167523323,-0.23810513539532593,0.17453292519943295,21.21824,11.817702820030549,-1.0527496781970016,13.176202164343028
4.75,1.5330262569882358,-0.08854749429135435,0.04009278274114801,6.9723593719691,0.06511372305011844,0.10556469113763417,9.955659033506011,0.38121992272636246,3.98905971043219,-0.2509924766261253,0.17453292519943295,21.21824,18.04221229047775,-2.473965618038921,4.066311817693128
5.0,1.5383186217090132,-0.09392997957832906,0.041505634121247165,7.355789871212124,0.08351857135515461,0.11556616820313423,10.335778848742311,0.4294458668936569,4.375800893681936,-0.26240872418334693,0.17453292519943295,21.21824,13.991166716481759,-7.321283368534895,8.14826470083367
5.25,1.5434291834965401,-0.0993994788477358,0.04286229775068009,7.740495114505367,0.10456325605577567,0.12591949727502022,10.716742943691228,0.48132426686559304,4.764247285319503,-0.27219775475404173,0.17453292519943295,21.21824,14.555125367942543,-6.2432855500092925,11.235075866609975
5.5,1.5483134647486627,-0.10481280733024394,0.04428775165180662,8.126392872685052,0.12842828354026373,0.13664081751598423,11.09843035049862,0.5370763356236815,5.154355394871486,-0.2802197685431536,0.17453292519943295,21.21824,16.25101851513372,6.426055199971275,19.30651961147256
5.75,1.5529642533200667,-0.11021746531922287,0.04565196194680734,8.51340436160029,0.15525930748209563,0.14770303722033978,11.480739530800122,0.5967590171420306,5.546069192400459,-0.2862404021778384,0.17453292519943295,21.21824,13.22450889837431,-5.206893547814316,12.951364413077622
6.0,1.5574653824647744,-0.11553342384783072,0.046984323319411846,8.90145819479884,0.18522746974492477,0.15910685933277846,11.863565744309936,0.6605367008033741,5.939350645287745,-0.290081761313524,0.17453292519943295,21.21824,13.206508641937495,-7.452673164784795,16.648992632815144
6.25,1.5617335141757074,-0.12094872588307268,0.04833020126229742,9.290459544385778,0.21845841572706493,0.1708558205885386,12.246778393148784,0.7285357279539244,6.3341406956227715,-0.291618896499794,0.17453292519943295,21.21824,14.180803909030116,-5.917007522989795,17.729505236871272
6.5,1.5657148245308103,-0.1261169943994012,0.049730427791618084,9.68030129525701,0.25515477149943905,0.18295296832948008,12.630233501246725,0.8009569151968262,6.730369089267296,-0.29064737219794806,0.17453292519943295,21.21824,12.767838491078251,-1.5686227713251168,15.423598615345911
6.75,1.5694564665637278,-0.13163451827634293,0.05100298160163741,10.070909075872597,0.29537799991200336,0.1953626362039964,13.013841090724815,0.8777448567624454,7.1279770610203785,-0.28698885693843773,0.17453292519943295,21.21824,13.870167031845341,-9.306951157697988,15.86313160362344
7.0,1.573098789187223,-0.136801966104319,0.052320912979032096,10.462184002486893,0.33938641483654675,0.20811105051771858,13.397452822005668,0.9592226489829997,7.526915182968117,-0.28044981930990637,0.17453292519943295,21.21824,10.51357222166771,-1.130054782819811,26.970030699231277
7.25,1.5763972904947787,-0.14209066320716995,0.05358504962600042,10.853998884100669,0.38724800934761777,0.22117629865373784,13.780919097142297,1.0453802654241207,7.92707867105904,-0.2708842467288852,0.17453292519943295,21.21824,10.974872111278401,-13.34017229280587,9.547314745086949
7.5,1.579452257584225,-0.14727666446841167,0.05481064604702536,11.246251177928436,0.4391429762992707,0.23455732341183838,14.164103138466878,1.1363803364442642,8.328399217389991,-0.25809438384572275,0.17453292519943295,21.21824,14.609017858324766,-15.260341915138996,7.533823997587449
7.75,1.5823679637334511,-0.1522970171145066,0.056102350437225446,11.638837594540398,0.4952278672622505,0.24826838225799858,14.546855728361137,1.232405276960719,8.730819460719658,-0.24194954243621794,0.17453292519943295,21.21824,12.574372769732033,-6.867854849473085,23.624679000597293
8.0,1.5850346172839875,-0.15746725118784163,0.05735921954035244,12.031634470731802,0.5555878740344352,0.2622864915075025,14.92903339068612,1.3334564353271179,9.134235550777484,-0.22228068725824654,0.17453292519943295,21.21824,12.163009865332471,-5.513491228872896,34.56518691574815
8.25,1.5873784248773433,-0.1624690545066517,0.058500960973507696,12.424495634999928,0.6203979344851789,0.27659449806524145,15.310468614899538,1.4396414631684205,9.53852265510032,-0.1988455941980621,0.17453292519943295,21.21824,18.089928382256705,-18.551403021543926,16.51335636365505
8.5,1.5895805150396185,-0.16738545251150716,0.05971442690842572,12.817320327189112,0.6897885240749633,0.2912184036973905,15.691004604460609,1.5511471454183619,9.943636049917615,-0.1715700972684348,0.17453292519943295,21.21824,12.92468313480571,-16.476441961806103,20.664579429792187
8.75,1.5914449502291452,-0.1723499862504665,0.06085195270646551,13.209953322216515,0.7638552848033245,0.3061284988895987,16.070475716491256,1.6679634817867897,10.349430927941773,-0.14025291218014002,0.17453292519943295,21.21824,13.806751801030725,-18.895646463090866,15.026887166471793
9.0,1.59319076545029,-0.17735597941579567,0.06195880215437546,13.602288796698478,0.842731363374342,0.32132724974979143,16.448740017899162,1.7902098303196992,10.755837575497791,-0.10474710357101458,0.17453292519943295,21.21824,14.230343969600806,-15.595354203658406,28.832735996604576
9.25,1.594654646731503,-0.1819875275458687,0.06309754740732296,13.994142667719897,0.9265866572195022,0.3368199901364839,16.825573835324853,1.918048982835172,11.162711500114941,-0.06487566839616692,0.17453292519943295,21.21824,13.617993275653978,-17.193779016340613,24.233492652921207
9.5,1.595877390677434,-0.18679562885194018,0.0642309233136223,14.385400497610458,1.0154567390060043,0.3525937871136182,17.200840947635733,2.0514562913039187,11.569960047585184,-0.020542813291909826,0.17453292519943295,21.21824,15.885428978714144,-19.95138239439559,31.014122914324062
9.75,1.5968230401534578,-0.19136511587641716,0.06523651063627797,14.77588846133566,1.1095013104314482,0.36862293805259744,17.57436174627692,2.190494961416527,11.977415176394395,0.02850765944636933,0.17453292519943295,21.21824,17.77033414377694,-25.6745630492738,18.053117078960785
10.0,1.597593196669978,-0.1959124646644179,0.06628260763213453,15.165477710205117,1.208800810074295,0.3849290162679628,17.94595297698721,2.335280854643683,12.385002443423025,0.08232076550490765,0.17453292519943295,21.21824,17.786435762795247,-20.48972672761475,24.263600590316607
10.25,1.5981882968952892,-0.2004387462339371,0.06729741799840437,15.554012447328432,1.313448594139548,0.4014932959005769,18.315447798687526,2.485828566786764,12.79257709596934,0.14106862149233218,0.17453292519943295,21.21824,12.324444695964957,-18.792778887145023,25.877197348203026
10.5,1.5985124222687037,-0.20493031468937134,0.06824226745170904,15.941320887510534,1.4235294598500448,0.4183028862417287,18.682659810265285,2.642160212206894,13.199981964755782,0.20489870749319575,0.17453292519943295,21.21824,13.822316260249622,-17.813546752343534,38.81717114370034
10.75,1.5986209271084115,-0.209146627699653,0.06922322978973773,16.327233469331333,1.5391643953973797,0.4353684382309271,19.047377620474595,2.804397890449217,13.607089318188068,0.2739309003455418,0.17453292519943295,21.21824,14.913461763100251,-23.63151089116166,32.53114667834115
11.0,1.5985382136650177,-0.21330252706437158,0.07016035872605711,16.711600759388368,1.6604000109472683,0.45267003207278095,19.409448325784627,2.972504621292722,14.013753192992109,0.3482954006018148,0.17453292519943295,21.21824,13.136971911907857,-25.403817012819882,29.629490843341873
11.25,1.598175413653045,-0.21743514833123748,0.07104914523019995,17.094246537363517,1.7872950392761042,0.47019856272867716,19.768681570213456,3.1464849653221094,14.419811504513579,0.4281051132301,0.17453292519943295,21.21824,15.61181663120393,-25.950012273370685,22.852490074606656
11.5,1.5977117363971611,-0.22143620598689565,0.07189382931780318,17.475018545520115,1.9199367880214364,0.4879481443155807,20.12490851645141,3.3263802251911474,14.82512857458882,0.5134933508517254,0.17453292519943295,21.21824,14.557676442004444,-30.9555207552981,23.48987314270714
11.75,1.596979295316368,-0.22542804496102511,0.07269321810848438,17.85373192082455,2.0583548182764715,0.5059105466384248,20.477932668166147,3.512167198761592,15.229531173482956,0.6045424377913514,0.17453292519943295,21.21824,16.566519811490718,-32.733496597187475,30.44555097221378
12.0,1.5960979529130688,-0.22912279710426545,0.07350352817545838,18.23020983926099,2.202641734279452,0.5240872454142393,20.827553035965458,3.7039106370856762,15.63286664255652,0.7013728314732284,0.17453292519943295,21.21824,14.338342272364192,-32.43916909081899,28.223000239621683
12.25,1.5949576921750872,-0.23286233705373907,0.0742667705489146,18.604288289300094,2.3527858019175194,0.5424607551979457,21.173611058238404,3.9015209338930203,16.03496552036178,0.8040506699420181,0.17453292519943295,21.21824,17.051573173064828,-31.435472099464505,25.913369696503565
12.5,1.5937497399577165,-0.2364690198980135,0.07498877014771718,18.97580453523059,2.508855579910977,0.5610240875427107,21.51593659220683,4.105016327806271,16.435672478254354,0.9126948320156839,0.17453292519943295,21.21824,14.498930094167028,-32.25863782244843,24.69096197620123
12.75,1.5922767100864152,-0.23995020868570607,0.07573090453869105,19.344559208171766,2.670862295801965,0.5797794786564987,21.85430964982348,4.314380692604698,16.834808766520048,1.0273438989992325,0.17453292519943295,21.21824,17.305401484343697,-36.1698097669195,16.457094144291787
13.0,1.5907241358937838,-0.24332865529635533,0.07634448346296789,19.710402451640828,2.838830607413844,0.5986939258704133,22.188619578699146,4.52952273525818,17.232185324582506,1.1481384795695082,0.17453292519943295,21.21824,14.982080497549598,-32.47522442550474,30.694873406743405
13.25,1.5889856178990958,-0.2465638405369308,0.07700851501791695,20.073142091918108,3.01277113662326,0.6177892644780277,22.518625037410743,4.7504745530049695,17.627659146425472,1.2750677202415508,0.17453292519943295,21.21824,12.296261387115734,-31.27264698427709,27.43369714499554
13.5,1.5869896394148375,-0.24986197058603316,0.0775721121956854,20.43261301482583,3.192651655450315,0.6370315156756765,22.844207974614076,4.977087070343196,18.021018055037583,1.408216240557434,0.17453292519943295,21.21824,14.398992145090181,-32.18826833350913,24.91202351582123
13.75,1.5849449114224632,-0.252756607567421,0.07818351403028796,20.788627602832022,3.3785410972254932,0.6564377042390662,23.165141556726002,5.20943744244747,18.412113648938043,1.5476447520035155,0.17453292519943295,21.21824,14.91482522205056,-38.868821556961116,21.244407477325414
14.0,1.5827292568456357,-0.25565344852427163,0.07870308235539336,21.141032528776755,3.570366164724697,0.6759762929578094,23.481322017722075,5.447343817210749,18.80074303983143,1.6933885122386454,0.17453292519943295,21.21824,16.163845492499796,-37.9528731231026,27.2350098137134
14.25,1.5803814988104636,-0.25851945951085453,0.07919940583486511,21.489659151067368,3.768113953668498,0.695650367440493,23.792570311709458,5.690768417213654,19.186747990425282,1.8454594901233423,0.17453292519943295,21.21824,15.190695323417724,-37.5345173395762,28.917767999280322
14.5,1.5780072470317166,-0.2612615739833111,0.07964764337950497,21.83434217471233,3.9717767550556857,0.715447633179336,24.098741243097166,5.939642822423556,19.569943106327496,2.0039106876878154,0.17453292519943295,21.21824,14.477051405036065,-39.8848418089534,20.701757773530247
14.75,1.5753624782976259,-0.26376158431424435,0.08013591710911372,22.174875581753273,4.181309729942385,0.7353752898853999,24.399612691525668,6.193906259901029,19.95013847198088,2.168713199983742,0.17453292519943295,21.21824,15.769286804466885,-42.47733490860902,23.7249491621052
15.0,1.5727038657071963,-0.2662868775592118,0.08050867441469876,22.511148862398457,4.396662067263467,0.7553988311409546,24.69514337481828,6.453399281814731,20.327154349978635,2.339924852712202,0.17453292519943295,21.21824,14.700432717982446,-39.952089923666726,28.325041787337767
15.25,1.569843725691132,-0.26867200160160604,0.08086852783882832,22.842963829147628,4.617785008415274,0.7755275692123461,24.985119187124162,6.718063661902101,20.700808471171097,2.5175063549284484,0.17453292519943295,21.21824,13.270197909411586,-43.78385515271742,16.879816366400345
15.5,1.566940168124983,-0.27085473837924234,0.0812078889595086,23.17017139105031,4.84464438942646,0.7957533157515215,25.269411799130687,6.987817203056417,21.070930982969937,2.7014715757965027,0.17453292519943295,21.21824,14.217634252200863,-37.385516132917495,24.36195713379094
15.75,1.5639127540188622,-0.27304157812233676,0.08156466005933649,23.492628748317433,5.077145832082876,0.816074004778506,25.54788800011786,7.262531246120578,21.437369496517,2.891760418045175,0.17453292519943295,21.21824,15.637699088401424,-45.54747222092046,22.433102765794803
16.0,1.5607659885426304,-0.275063409626257,0.08178176537372654,23.810166355639016,5.315234926125191,0.8364564054166027,25.82045838452964,7.5420546221443425,21.799874326748395,3.088415230106041,0.17453292519943295,21.21824,12.911764759598464,-41.27998769926306,22.78458729730578
16.25,1.557540148467749,-0.27681055348015665,0.08208489193792892,24.12262592518755,5.558853930011045,0.8569315381931838,26.086905337122772,7.826364986620781,22.158346513252322,3.2913428734013084,0.17453292519943295,21.21824,13.679741228930459,-42.76789144567717,14.579940315887773
16.5,1.5544115536346441,-0.27871955533222903,0.08234017364832255,24.42992822972053,5.807893641198986,0.8774684409607817,26.347229043941542,8.11526391659638,22.512627415499516,3.5005233658015933,0.17453292519943295,21.21824,13.199897407041586,-39.6679908508773,22.58804783317268
16.75,1.5510201341404297,-0.280449135828714,0.0825464735655038,24.731859194923057,6.062259812388415,0.8980617493440206,26.60124044566244,8.408621621526992,22.86247794418367,3.71589800324984,0.17453292519943295,21.21824,15.567694086133322,-43.993279763682715,19.89356720242465
17.0,1.5476921021679844,-0.28202273335361033,0.08270882778352011,25.028315324324268,6.321891854102663,0.918704905288555,26.84886540755609,8.706340929768697,23.207765241092446,3.93744277843663,0.17453292519943295,21.21824,13.939840637513099,-42.524462583044,19.81282487170256
17.25,1.5442280515902689,-0.28365288124832116,0.08286957829575732,25.3191702835037,6.58664810235044,0.9393986425265612,27.089990931877654,9.0082579452633,23.548349635129743,4.165038259437582,0.17453292519943295,21.21824,13.725416130900827,-50.77069770351388,8.565461991561273
17.5,1.5407286231746191,-0.2850181779503122,0.08301945879061685,25.604266229317084,6.856464853611246,0.9601357572578142,27.324492538077678,9.314273114368763,23.884039920556486,4.398656592853727,0.17453292519943295,21.21824,12.365529669732753,-43.064604644361815,20.454630964424677
17.75,1.5371849192225298,-0.2862883670648916,0.08313296589980365,25.883499451605438,7.131214362320697,0.9809055995132678,27.552310112939036,9.624218769982129,24.21468879027184,4.638209954659266,0.17453292519943295,21.21824,12.41795515003275,-42.64027487516603,13.028623241170529
18.0,1.533569058765528,-0.2876666430736107,0.0831938699853281,26.15677273236081,7.4107623028311895,1.0016996787878827,27.773386619555737,9.937926630635873,24.54015884516588,4.883597975026505,0.17453292519943295,21.21824,10.819923592127171,-45.19597795409842,16.197863318894612
18.25,1.5299769403556027,-0.2888732650995408,0.08331844656147785,26.42394636912749,7.695026208891043,1.0225326032317006,27.987565039849706,10.25531850715874,24.86032769840527,5.134733910623346,0.17453292519943295,21.21824,13.063413706475632,-51.878622640486505,14.526966462596146
18.5,1.5262648640248706,-0.2898529942539019,0.08339502069410844,26.68489126028838,7.983866898448829,1.0433802759634248,28.194797879498708,10.576198281830367,25.174984641078048,5.391535515067292,0.17453292519943295,21.21824,10.156327683587241,-49.28255016326701,14.969307511938467
18.75,1.522497891879356,-0.2908815047194953,0.08344298899229739,26.93954337635384,8.277143953055653,1.0642406950230465,28.395048287119813,10.900406321698206,25.484038465587865,5.6538815844131,0.17453292519943295,21.21824,8.289876632044802,-51.61501269381072,12.480498101350156
19.0,1.5188438251610452,-0.2917071343010495,0.0834607158002892,27.187784271508573,8.574767052158363,1.0851088786695757,28.588233523632184,11.227829790245499,25.78733501938496,5.921704314071224,0.17453292519943295,21.21824,11.300857390514281,-42.39455028477695,16.880791703665484
19.25,1.5150328231985963,-0.29259384036691044,0.08341313952442257,27.429534702813832,8.8765470356572,1.1059746551782599,28.774324904498393,11.558251589379182,26.084744501129272,6.194842481935221,0.17453292519943295,21.21824,10.515142198435896,-55.31945063409009,-3.2476096736055418
19.5,1.511244320688781,-0.29331257318690634,0.08347061223924877,27.66468541561251,9.182390291058702,1.1268626396693056,28.953170926782345,11.891597755891436,26.376199904442675,6.47318282622597,0.17453292519943295,21.21824,10.237181914702614,-52.04925743452129,14.268540700617498
19.75,1.5074300466080723,-0.29394865018634936,0.08344027174618607,27.89316365672459,9.492140082796789,1.1477360446623452,29.124822203916562,12.227650496436073,26.661505109532616,6.7566296691575065,0.17453292519943295,21.21824,9.35866728567714,-43.20845278191451,12.736345723253764
20.0,1.5035702561025464,-0.294552285121451,0.08338650917730261,28.114895654943417,9.805649357880881,1.1686020927876175,29.289210934695628,12.56626226514269,26.940580375191207,7.045036450619074,0.17453292519943295,21.21824,6.988878766363406,-50.34508008153476,4.779157262461705
20.25,1.4997119051262273,-0.2952532825251917,0.08334184609580417,28.329828637486877,10.122773046284996,1.1894625001285262,29.446305087735915,12.907280244343445,27.213352187237838,7.338265848226549,0.17453292519943295,21.21824,3.4773211605248644,-59.483220510642276,6.496805034478966
20.5,1.495896517500569,-0.2957085348363816,0.08320848931734647,28.537851103727114,10.44338849586817,1.2102968627089254,29.59607601222908,13.250550771730756,27.479626195225148,7.636226220005586,0.17453292519943295,21.21824,6.607993748609328,-57.14821498287432,-8.912462835673754
20.75,1.4920715515261411,-0.2960511677379198,0.08321226141685625,28.738909869156622,10.767335388176777,1.2311420778436257,29.73839321055618,13.595945126239767,27.73942652775706,7.938725650113788,0.17453292519943295,21.21824,7.7416818766158295,-44.15179791693668,10.610595315140152
21.0,1.4881933420799296,-0.29658474852450306,0.08306367540396216,28.932994118345825,11.094434947115206,1.2519443520347207,29.87342394037675,13.943222715594086,27.992564296314896,8.245647178636323,0.17453292519943295,21.21824,7.86596559278668,-66.3517189146056,-20.428242845471505
21.25,1.4842805171040412,-0.2967172368140126,0.08302642573922976,29.119961722131315,11.42457183509118,1.272746797023094,30.000930593134026,14.292305059839293,28.238992851128604,8.556838610343068,0.17453292519943295,21.21824,5.393798040186023,-47.29246102214006,3.681933825353956
21.5,1.480347896388947,-0.29711225713954686,0.08288252995944893,29.29986477975177,11.75755721197764,1.2935087969163588,30.121108182623797,14.642961737038064,28.478621376879744,8.872152686917214,0.17453292519943295,21.21824,2.3341475354677512,-61.77676212462091,-21.312819941271986
21.75,1.476526894372655,-0.29727328295893907,0.08283807297530363,29.47259161394306,12.093280515055783,1.3142636610963718,30.233776262316518,14.99510716926526,28.711406965569605,9.191453860846304,0.17453292519943295,21.21824,6.8477999931854665,-51.711847698656015,8.308768779881136
22.0,1.4726021772267093,-0.29759472888443017,0.08269962900152987,29.638153844442048,12.431533151825226,1.334976079431858,30.339075672695806,15.348502227883012,28.937232016188293,9.51456407576744,0.17453292519943295,21.21824,1.4061075426546246,-61.92885234336223,4.706464916056515
22.25,1.4687296776063772,-0.2976435849986623,0.0825744909075485,29.796460245868502,12.772197818548761,1.3556619429141088,30.436896394628267,15.703040963338628,29.156024097108734,9.841354673758895,0.17453292519943295,21.21824,4.17349159474181,-54.529136290344965,-0.40636254031501223
22.5,1.4647936510271764,-0.2976535799044445,0.0823861056917669,29.94751337726584,13.115088209286633,1.3763066294524964,30.527311012831515,16.058527473445558,29.367715741700163,10.171648945127705,0.17453292519943295,21.21824,1.390316785041808,-45.21797693355732,-22.87166627305304
22.75,1.460953406076745,-0.2978359917047738,0.0822803084092291,30.091324752898203,13.460065912117521,1.3969325339600955,30.610292269201718,16.414837090571407,29.57235723659469,10.505294733663636,0.17453292519943295,21.21824,0.7625706865119438,-45.82665510456349,-6.667015384070008
23.0,1.457089836282396,-0.29784269661905655,0.08212596158790327,30.22782207380251,13.806964767097396,1.417516088821139,30.685864255164873,16.771791466938858,29.769779892440148,10.842138067255936,0.17453292519943295,21.21824,2.4437436698969064,-46.20988110345913,-6.355153557730318
23.25,1.4532431708208848,-0.2979727361575656,0.0819384566743024,30.35703761087242,14.155627562649968,1.4380576065902848,30.75408540182689,17.12923699424958,29.95998981991795,11.182018131050354,0.17453292519943295,21.21824,3.2726675041900806,-63.324955611526924,-30.308363754361313
23.5,1.4494090472443482,-0.2979470303490706,0.08181756560740124,30.47891844273319,14.505908055371563,1.458573632698118,30.814880307323946,17.48703697333883,30.142956578142435,11.524779137404293,0.17453292519943295,21.21824,2.070756093858641,-57.3867730249662,-4.847976695430923
23.75,1.4455552624028751,-0.2978545222146975,0.08166336953457166,30.59347478573323,14.857646926824629,1.4790449695038324,30.868342824373567,17.84502831548829,30.318606747092883,11.870265538160972,0.17453292519943295,21.21824,-5.042842051728571,-53.338604795331676,-6.425324786167905
24.0,1.4417902637693076,-0.29781116598529656,0.08149535157645925,30.700724885189754,15.210711351530618,1.49947354289781,30.914511875672403,18.203084176347136,30.486937894707104,12.218338526714104,0.17453292519943295,21.21824,-7.4808958543564925,-53.598215211018235,-16.08213657732448
24.25,1.4381146587358522,-0.29771229054356835,0.08132714339730017,30.800655850776913,15.564958834024145,1.5198606282634686,30.953396879998067,18.561068007267412,30.64791482155576,12.568849660780876,0.17453292519943295,21.21824,-1.154498399105661,-40.93911600834905,0.11149472235090481
24.5,1.434449004644652,-0.2976624183800795,0.081121407941881,30.89328960682394,15.920233902945672,1.540198621424693,30.985068400519673,18.918829683144754,30.80151081312821,12.921638122746586,0.17453292519943295,21.21824,-4.733239049260338,-55.85512195926443,-21.53745961926626
24.75,1.430852032442763,-0.29751248646200085,0.08097277730015591,30.978612529170935,16.276408395887984,1.5605029562603063,31.009492095468396,19.276249467075804,30.947732962873474,13.276567324700167,0.17453292519943295,21.21824,-1.50552493560101,-57.08796157565313,-3.4873918355738334
25.0,1.4273116652020186,-0.29735180369144654,0.08074108681139001,31.056653073309292,16.633340151354336,1.5807485151807037,31.02679700101192,19.633191583500096,31.086509145606662,13.633488719208577,0.17453292519943295,21.21824,-2.4803104901910027,-54.42721556667386,-37.03239016122337
25.25,1.4238542342517966,-0.29716038505831005,0.08058028034631723,31.127422005490697,16.99089929378757,1.600961216924531,31.036941058304837,19.98953451638407,31.217902952676557,13.992264071191073,0.17453292519943295,21.21824,2.046498821881924,-45.3001133475671,-19.962164439735666
25.5,1.4204243732252337,-0.29705519634716115,0.08042918597449443,31.19095566723874,17.34894249015921,1.621129338767577,31.040020380375665,20.345143174222205,31.34189095410181,14.352741806096216,0.17453292519943295,21.21824,1.6482905940123982,-58.99594451523817,-1.1458820328152421
25.75,1.4170666465100208,-0.2968723651724056,0.08023824895187022,31.24725103625874,17.707341981302825,1.6412443604715017,31.036081706024145,20.699900671448816,31.458420366493336,14.71478329115684,0.17453292519943295,21.21824,-0.2572097165198853,-55.182428658280294,1.0225041024017945
26.0,1.413751830880325,-0.2966783108745493,0.08001601971384545,31.296341623452783,18.06596079968344,1.6613071142672553,31.02517985056235,21.053680882442688,31.567503396343216,15.078240716924197,0.17453292519943295,21.21824,-2.362767424288614,-60.55060438591773,-32.09792979424497
26.25,1.4105377443165126,-0.29648786666361937,0.07982724609663401,31.338253786139706,18.424676466881806,1.6813280296503075,31.00733346236937,21.406369230953203,31.669174109910045,15.442983702810405,0.17453292519943295,21.21824,2.9761285829881308,-67.71948064403557,-27.276848063653723
26.5,1.407326212232844,-0.29622546024740537,0.07961565015662975,31.37300610217531,18.783340300414142,1.7012974480470664,30.982613044996345,21.757830720789784,31.763399159354275,15.808849880038501,0.17453292519943295,21.21824,-0.7029698753177179,-62.325884081427084,-49.17468490010869
26.75,1.4041862774572405,-0.2960883289379101,0.07945130806147287,31.400657141478824,19.141836506477194,1.7212269167446346,30.951065520991712,22.107956425628775,31.850248761965933,16.175716587325613,0.17453292519943295,21.21824,-2.030456931848678,-76.75593928232799,-20.038263427149904
27.0,1.4011091364750623,-0.29570654196160634,0.07924674195875268,31.421184816857945,19.500025485613296,1.74110134750632,30.912735921981117,22.456624836438248,31.929633711734773,16.543426134788344,0.17453292519943295,21.21824,4.901532239897698,-53.76246911802069,-33.349299153701615
27.25,1.3980654027383492,-0.2954411000255065,0.07903424748286089,31.434679452834192,19.857781780026674,1.7609257764578305,30.867721412301172,22.803721117534316,32.00163749336721,16.91184244251903,0.17453292519943295,21.21824,-0.8482381359520633,-52.74253013104615,-28.30929501557202
27.5,1.3950363156346495,-0.29516933641651205,0.07885130741667891,31.44115962943796,20.214972755631848,1.7807069935650517,30.81604204437621,23.149121355285,32.066277214499706,17.280824155978692,0.17453292519943295,21.21824,-6.222643198669227,-53.398926993855106,-27.739383815837847
27.75,1.3921062172666225,-0.2948776893273654,0.07865258396823857,31.44066093562323,20.571484273858893,1.8004366097017677,30.757779142580077,23.492729292122537,32.123542728666386,17.65023925559525,0.17453292519943295,21.21824,-5.109896066209726,-56.85985520331895,-53.307196953259066
28.0,1.3892068227252623,-0.2945420432808276,0.07845853977496639,31.433222789801736,20.927180198734543,1.8201185992512532,30.692981058248453,23.83441981370731,32.17346452135502,18.01994058376178,0.17453292519943295,21.21824,0.018831707514585162,-48.483884403990174,-48.58628558974804
28.25,1.3863529694252932,-0.29424282154431797,0.07825862886194684,31.418900572115337,21.281941935842333,1.839750639158707,30.621730108920442,24.174089797313048,32.21607103531023,18.389794074371622,0.17453292519943295,21.21824,-5.344109898420703,-43.79648448904539,-41.64054102374251
28.5,1.3835377423436124,-0.2940159695529506,0.07811028962473623,31.397743991277345,21.6356489773338,1.8593430074512698,30.544066123528008,24.511624307220156,32.251421859026685,18.759673647447443,0.17453292519943295,21.21824,-4.402373977645733,-73.78679001185942,-2.4545949126087674
28.75,1.380760196096437,-0.2936253745616946,0.07789175644095025,31.369767431064165,21.988169967474356,1.8788750161679295,30.460082393336844,24.84692374003593,32.27945246879148,19.129416194912782,0.17453292519943295,21.21824,-6.327584156126001,-56.29511877132093,-22.171620090845064
29.0,1.3780548449623728,-0.2932905390539126,0.07771562281586938,31.335048737840157,22.339401200463627,1.8983656791165282,30.3698210044319,25.179882748134645,32.30027647124842,19.49891965279261,0.17453292519943295,21.21824,1.0274765666279635,-74.25297513222777,-36.634234006020854
29.25,1.3753546654448239,-0.2928684764106271,0.07752472540091862,31.2936215008412,22.689207834935015,1.9178061166242963,30.273359430390958,25.5103893795366,32.31388357129144,19.86802629033343,0.17453292519943295,21.21824,-6.447256718563014,-44.28977722774165,-17.06158547266795
29.5,1.3727122862901129,-0.29253537987006484,0.07731466355489397,31.245561958333624,23.03749074741126,1.9371947098166384,30.17079633476462,25.83836183591111,32.320327581902625,20.236619658911412,0.17453292519943295,21.21824,-7.659252689671203,-64.65183263616784,-53.06361925525734
29.75,1.3701055477765394,-0.29215751032384113,0.07714548313549383,31.19090390158882,23.3841256710906,1.9565430920382179,30.062150503118545,26.163678830402688,32.31965730005909,20.604572511778514,0.17453292519943295,21.21824,-9.279836045019094,-67.53981953492544,-37.993828609461644
30.0,1.3675492900309476,-0.291747943824446,0.07696534983416266,31.129705242575085,23.729001903315545,1.9758422052184121,29.94752246179971,26.48625486103237,32.31188802335046,20.971748945598716,0.17453292519943295,21.21824,-7.509346002171321,-62.00523720761238,-14.088606349268511
30.25,1.3650303175282748,-0.29132580080497006,0.076768237362527,31.062026625392257,24.072006804236565,1.995091381639974,29.8269912843774,26.805994314530697,32.297061966407114,21.33801929394243,0.17453292519943295,21.21824,-1.7144403703129298,-49.380615045273395,-40.50632123824142
30.5,1.3625380003035765,-0.29092685354283276,0.0766005746735369,30.987932001398406,24.41303111142312,2.0142990083092522,29.700614293490055,27.122793669084874,32.275249709306756,21.703268553761365,0.17453292519943295,21.21824,-6.228314143137272,-69.6452333269797,-20.70088656109059
30.75,1.3600853048037465,-0.2904845316998987,0.07641913059419678,30.907471594069744,24.7519634083891,2.0334582203502225,29.568476411025106,27.436566153635265,32.24646677711438,22.067360663142935,0.17453292519943295,21.21824,-8.245533571236699,-78.37799703760494,-34.19888774078547
31.0,1.3576692548289835,-0.2900287361324915,0.07623650012703193,30.820711057237872,25.08869764871702,2.0525716215837813,29.43065168376621,27.747218842580928,32.21077043070953,22.430176454853115,0.17453292519943295,21.21824,-7.5995858612367915,-72.6661935315394,-67.48884130931101
31.25,1.355292690107698,-0.28958467258122045,0.07606640910944398,30.72771644293971,25.42313023382841,2.071642051726404,29.28721376140051,28.05466059171493,32.16821912447891,22.791599875941888,0.17453292519943295,21.21824,-0.8941797847841892,-64.91507928760274,-28.15569254880599
31.5,1.3529470638592103,-0.2891105986996966,0.07588713867749525,30.62854742822083,25.755151908736842,2.090666535449908,29.13824493349979,28.358802898064763,32.11884992294187,23.151500919408925,0.17453292519943295,21.21824,-10.015982119848399,-55.753167983250876,-74.05716294471797
31.75,1.3506306257446625,-0.2886323568735743,0.07571111055591684,30.52327303229797,26.08466188475216,2.10964753194382,28.983822068419695,28.65955814087866,32.06272399617625,23.50976562862566,0.17453292519943295,21.21824,-7.619847883306421,-47.314053943226114,-58.58524398743079
32.0,1.348349641636167,-0.28811907141855764,0.0755553600207928,30.411955705310525,26.41155696420285,2.1285888391557077,28.824011905250554,28.956833862273292,31.999899505370497,23.866280066132404,0.17453292519943295,21.21824,-8.468390512273071,-61.38368823081213,-29.92832260996865
32.25,1.3461075330841452,-0.28763984015114874,0.0753744153708529,30.294672118282445,26.735742166982952,2.1474831678196855,28.65892331740261,29.250563405246258,31.93042091916228,24.220920928719647,0.17453292519943295,21.21824,-9.951156537673524,-35.42523844650205,-36.14097816285054
32.5,1.3438909224028674,-0.2870931045353205,0.07523379951286328,30.171480079582647,27.057110214198506,2.1663421657769946,28.488597959449983,29.54063749807074,31.85436219971531,24.57358293032627,0.17453292519943295,21.21824,-14.410037039524841,-65.97116563160354,-55.88260524070403
32.75,1.3416967646222113,-0.2865624730537331,0.07507075148155586,30.042460439418445,27.375569270545142,2.185156718753286,28.31315247109907,29.82699619189261,31.77176840773782,24.924142349197677,0.17453292519943295,21.21824,-10.817913145432799,-52.11321080491325,-46.52144190071447
33.0,1.3395422692263246,-0.2860520174164302,0.0749084212061421,29.907684009347914,27.69102679184901,2.203930853395845,28.132660079547303,30.109557347503664,31.682707939148525,25.272496236194357,0.17453292519943295,21.21824,-9.764289829291295,-32.813799804936515,-47.257339235335905
33.25,1.337406709876484,-0.2854373822528428,0.07476961013621441,29.76721090075999,28.003376180691376,2.222668887729564,27.947182723013956,30.38822364587871,31.587239078506023,25.61852871550404,0.17453292519943295,21.21824,-9.416962499355757,-62.926756533467206,-19.8113608772934
33.5,1.3353170409123984,-0.2849109670693919,0.07462255029884877,29.62113459781648,28.31254379434915,2.241367235800268,27.7568344678403,30.662944829358025,31.485434727792658,25.962142759340274,0.17453292519943295,21.21824,-10.866995736542622,-49.01594128988996,-47.48755709126699
33.75,1.3332337624114223,-0.2843113892588524,0.07449853512157742,29.46951456923531,28.618420275848774,2.260031387860873,27.561673449397528,30.93361837999799,31.377355689073095,26.30322217169956,0.17453292519943295,21.21824,-7.982599865397047,-56.26897526719008,-68.19879605327935
34.0,1.3312085128046303,-0.2837644628001948,0.07435091114506673,29.312437100302855,28.920933597665712,2.2786549041339472,27.36181218709475,31.200201560844214,31.26306201351096,26.64166563448721,0.17453292519943295,21.21824,-11.25765730249098,-38.06980811664546,-70.31795987879593
34.25,1.3291763236942875,-0.28311321529447664,0.07420649492076153,29.14996707605902,29.219973863929788,2.2972424783144985,27.15731549874766,31.46259279978103,31.14261865337038,26.977354928078547,0.17453292519943295,21.21824,-7.516147786146441,-48.38343968708338,-31.67956071631344
34.5,1.3271920213272999,-0.28251273518278663,0.0740747849561796,28.982193850567867,29.51547537352388,2.315797379918101,26.94827609678747,31.720736938703148,31.016111604348264,27.310213808344617,0.17453292519943295,21.21824,-7.652530238251231,-42.96341596657155,-41.453502342885606
34.75,1.3252502071892764,-0.2818603048235215,0.07395423641808767,28.809185446708135,29.80734278385026,2.3343200629944842,26.73477156576444,31.974554598728567,30.883599327651826,27.64013096897195,0.17453292519943295,21.21824,-11.052094348937764,-45.21905298738073,-48.02744669423533
35.0,1.3233104436208214,-0.2812874697928786,0.07382966252269303,28.631039777569004,30.0955018012269,2.3528086846840885,26.516913957446683,32.22399235011174,30.745165597691326,27.96701125234205,0.17453292519943295,21.21824,-6.562045067003635,-34.71558022070469,-53.09638282444527
35.25,1.3214542517285206,-0.28058367662568323,0.07369298139769004,28.447806609554164,30.379857855257104,2.3712633357871438,26.294762466676644,32.468972720174975,30.60085075243168,28.290742990339233,0.17453292519943295,21.21824,-17.25262820156103,-43.33123305107391,-33.506153652865315
35.5,1.3195631437032278,-0.27984885282174227,0.07358494640235941,28.25958955869931,30.66032825600726,2.389691222794618,26.068415184586954,32.70941460417156,30.450763932811668,28.61124190784296,0.17453292519943295,21.21824,-15.284456632562392,-53.867910575484196,-26.686642600636876
35.75,1.3176988186188576,-0.27921719811713874,0.07347654068827061,28.066478278038915,30.93685520507222,2.408089442815691,25.837977329039006,32.945283326839714,30.294979227038816,28.92842708330472,0.17453292519943295,21.21824,-10.8284683190929,-47.18086807373133,-38.22639327573814
36.0,1.315913244337921,-0.2785070309535035,0.0733899239995154,27.868530820191857,31.209347488827014,2.426462057483791,25.603507979118977,33.176495558855834,30.13355366126474,29.242199418798194,0.17453292519943295,21.21824,-16.089539906470044,-50.890358406948984,-50.78056347493941
36.25,1.3141251935685274,-0.2778319529057257,0.07329607405308812,27.66585156162461,31.47773375547441,2.444805610667228,25.365127322417443,33.40300463904498,29.96657580083178,29.552462871903845,0.17453292519943295,21.21824,-17.156526331313216,-45.925029216525004,-58.47045987188336
36.5,1.3123651729350956,-0.27709836144178795,0.073159526352677,27.458512902172092,31.741932881911744,2.46311509040757,25.122925557479867,33.62475835319513,29.794100246864318,29.859107410628354,0.17453292519943295,21.21824,-17.648632013688296,-45.908399019993105,-26.182042395849813
36.75,1.3106405313745337,-0.27650582171754445,0.07311068817974,27.246615185545362,32.00189531717949,2.4814136278221093,24.876967820175967,33.84167013051885,29.616262550914758,30.16212050384013,0.17453292519943295,21.21824,-16.293714847293888,-33.30527113880637,-62.27908654117473
37.0,1.3089207988554852,-0.2757271567860057,0.07301334660818252,27.030219525895347,32.25751012960853,2.4996792171494153,24.627364741704298,34.0536974489297,29.4330743100864,30.461322810287353,0.17453292519943295,21.21824,-14.19347264444414,-37.80634507293902,-52.46984091565238
37.25,1.3072446222509995,-0.27495557952340977,0.07289272590487829,26.80942544106535,32.508733736700655,2.517917319817215,24.374213041982618,34.260801250055586,29.244637840148084,30.756666223345725,0.17453292519943295,21.21824,-14.585391849131547,-40.78773571185711,-27.507376082017753
37.5,1.3055823444568493,-0.27427031159880033,0.07285230478444792,26.584328201452784,32.755504438229934,2.5361465180914218,24.117583388949807,34.46289133931288,29.051073013955758,31.048117537146975,0.17453292519943295,21.21824,-14.463508782075552,-31.512328989443443,-47.069297167958695
37.75,1.3040205315635196,-0.2734476819971578,0.07276261706503673,26.35498746858497,32.99773746832852,2.5543459369607135,23.857579426931828,34.65995077398042,28.852395510238114,31.335524162676624,0.17453292519943295,21.21824,-21.67020832091855,-39.80916992568194,-37.303423035789535
38.0,1.3024152306903398,-0.2727800789298406,0.07267091320777175,26.1215333113759,33.23539087861935,2.5725249156522128,23.594322248207586,34.851931704642524,28.64874437454421,31.618850052596173,0.17453292519943295,21.21824,-18.866237487209595,-32.640444087363726,-33.005481464409584
38.25,1.300874832719422,-0.27203176835334075,0.07267606211531269,25.88401896478091,33.46838107829181,2.590701109535819,23.32784441093495,35.038722331099756,28.440193518626874,31.898039825483878,0.17453292519943295,21.21824,-21.203660061035414,-29.891947938213736,-62.05923974860727
38.5,1.2993106681089082,-0.2712696026977084,0.07257824015214827,25.642554551222307,33.69664859013595,2.608841529341652,23.05831548498026,35.2203639337971,28.22679361746436,32.1729332464748,0.17453292519943295,21.21824,-17.987330672343635,-24.318966954515115,-41.209393516218256
38.75,1.2978390782956806,-0.2705852636789267,0.07252290465380021,25.397219001181035,33.92015346505975,2.6269722989965913,22.785780056674703,35.396766697804075,28.008657945687368,32.44354023231542,0.17453292519943295,21.21824,-19.88147446950814,-20.62185670968847,-48.92122755797096
39.0,1.2962746484772496,-0.26963349440366735,0.07243054729361847,25.148102424189027,34.13877842910381,2.6450807223167434,22.510353956815138,35.567863109193375,27.785850891562916,32.70969374901424,0.17453292519943295,21.21824,-12.971250532406115,-33.40682603364051,-25.198100090076757
39.25,1.2948862883344288,-0.2689892686906316,0.07236174585257911,24.895301742641156,34.352561011845346,2.6631785365406744,22.23212333828008,35.73367678778333,27.558480147002232,32.97144523590736,0.17453292519943295,21.21824,-16.639303717966975,-17.036117671717786,-13.090828210767116
39.5,1.2934609574501228,-0.2681927944098982,0.07232995332640287,24.638902647522407,34.56136960560516,2.681268799224501,21.9511766195047,35.89408442818205,27.326628675540114,33.22865478302827,0.17453292519943295,21.21824,-14.089449212590285,-24.510993225504155,-30.982095872768678
39.75,1.2921066745112186,-0.26731735082667446,0.07234292729987199,24.37898808604008,34.76516659726522,2.6993537315210427,21.66760083276276,36.049058790077865,27.090375339317404,33.48127440445258,0.17453292519943295,21.21824,-18.231359397745017,-28.406887976828344,-41.23252043788047
40.0,1.2907469500623072,-0.2665525957528978,0.07224126852553596,24.11567630305412,34.96392200092612,2.717407470078459,21.38155311428207,36.1986569476329,26.849799491826165,33.729187054219345,0.17453292519943295,21.21824,-18.4836080289647,-22.923683570592434,-20.61346787665984
40.25,1.289453763861852,-0.26581735451301075,0.07226900846484946,23.84903992290923,35.15757539279917,2.7354725066422936,21.093058537706796,36.34271952091931,26.605021308111667,33.972431264679024,0.17453292519943295,21.21824,-18.322790971315396,-17.81558979285266,-28.155808394718704
40.5,1.2881626955564494,-0.2650347175318891,0.07219713989569505,23.579180422654694,35.34606571307733,2.753510694374671,20.8022706977089,36.481306823811735,26.356090147600487,34.21082460234293,0.17453292519943295,21.21824,-19.331091803286903,-20.907275268977745,-26.74477683307259
40.75,1.286835122898412,-0.26413468740374235,0.07216951262396278,23.306190770354284,35.52933092415307,2.77154750922953,20.50925771107832,36.61430348690717,26.10312382963025,34.444358361398976,0.17453292519943295,21.21824,-15.506444678040236,-27.86392926816883,-24.58795627956643
41.0,1.2856451859809765,-0.2633394608258402,0.07218581149832573,23.030153235079872,35.70736553095666,2.7895840054851933,20.214107063323837,36.74171748195698,25.84619940683591,34.67301357995634,0.17453292519943295,21.21824,-16.095739728515223,-30.200006289134805,-43.517071440383745
41.25,1.2844238083288224,-0.2626603337697256,0.07221409106682525,22.75118694644237,35.8801176818525,2.8076158470278196,19.91694831743856,36.86352573239031,25.58542557544618,34.89670963131467,0.17453292519943295,21.21824,-14.631845881380846,-27.051274981144942,-56.6186237753632
41.5,1.2832770268585048,-0.2619267163061787,0.07212242422283068,22.469363845866532,36.04752716128418,2.8256202490700115,19.617879858360187,36.979749811188654,25.320847833372873,35.115304511379705,0.17453292519943295,21.21824,-14.966499698159662,-18.098002883377458,-23.711664677311116
41.75,1.2821803801737912,-0.2611023833351941,0.07208909642086733,22.18477895375128,36.20954265929974,2.843629466560673,19.316969674424296,37.09026391906701,25.052588233078268,35.32882139953247,0.17453292519943295,21.21824,-17.556610948266172,-20.063491913757804,-25.26132309667718
42.0,1.2811095640214385,-0.2603958374839472,0.07213875031747281,21.897540685739386,36.366152354178006,2.8616487104313837,19.014327900462643,37.195057677370414,24.78075347101613,35.53724703098559,0.17453292519943295,21.21824,-19.56739851044676,-10.663212403143934,-26.450941409520123
42.25,1.2800824732783966,-0.2597697126475946,0.07205562688370959,21.607743553601015,36.51731542938311,2.8796408867981347,18.710084424131622,37.29421411608729,24.505402683070404,35.740416742678924,0.17453292519943295,21.21824,-20.178328882114183,-8.644655705903999,-23.16838103113712
42.5,1.2789759931256317,-0.25888205248926494,0.07208182792401688,21.315484293598022,36.66293772047178,2.89764912262912,18.40430518327512,37.38753152918089,24.22666340392092,35.93834391176268,0.17453292519943295,21.21824,-17.709082462224323,-9.890844593516556,-20.916961456288025
42.75,1.2780208704709615,-0.258085176562858,0.07208243315947287,21.02084237847467,36.803044874209824,2.91565049318889,18.09709196105092,37.47511890035163,23.944592795898416,36.13097084806802,0.17453292519943295,21.21824,-19.614525559305424,-14.438551154400558,-25.375779044810898
43.0,1.2770247934647574,-0.25728163495555245,0.07208896141496395,20.723939111720785,36.937580621331136,2.9336511958998073,17.788565214634534,37.55691904602694,23.659313008807036,36.31824219663533,0.17453292519943295,21.21824,-19.651124904846625,-15.535510267895567,-25.2913821268955
43.25,1.2760899717286345,-0.2566092501648266,0.07208426667740159,20.424860944299787,37.06653724284464,2.951648881869434,17.478816385972802,37.63294827765235,23.370905502626773,36.500126208036924,0.17453292519943295,21.21824,-18.065767457309388,-14.80932899031908,-20.873677530501496
43.5,1.2752176896132974,-0.2559766276789479,0.0720550115148662,20.123701985309502,37.18986972530505,2.9696414827415185,17.167943623235164,37.70318493550988,23.07946034738384,36.67655451510022,0.17453292519943295,21.21824,-18.471440656999523,-6.250802899499566,-18.59876864509768
43.75,1.2743768880336581,-0.2551804147460946,0.07203193342303367,19.820559069589834,37.30751730170479,2.9876353617668365,16.85604316848776,37.76756672525942,22.785074970691912,36.84746787815016,0.17453292519943295,21.21824,-19.968765391806045,-6.143836293280833,-5.4040868028887745
44.0,1.273512061703389,-0.25449777517242944,0.07203831909538745,19.51554598504261,37.41949122843834,3.005634660507896,16.543230165230852,37.826109805604666,22.487861804854365,37.012872651272005,0.17453292519943295,21.21824,-16.50600526016928,-8.818802845753979,-10.934512384384208
44.25,1.272692215476695,-0.2537372896835934,0.07206639427029049,19.208746486522642,37.52573878724692,3.023638508901011,16.229592071042607,37.87878123331512,22.187900902002678,37.17269634117872,0.17453292519943295,21.21824,-17.095241973908472,-7.8788834216128185,-10.50089239582606
44.5,1.2719052116520309,-0.25311567772564825,0.0720894555353932,18.90026585926164,37.62626795600512,3.0416428107341598,15.915238345105056,37.925618485866245,21.885293373418232,37.326917426144,0.17453292519943295,21.21824,-17.705952964604133,-5.748084020572827,-12.705151453297352
44.75,1.271214994664785,-0.2523870245256527,0.07208626689237245,18.59018879905238,37.721019887324985,3.0596440350386533,15.600256527067565,37.96659066926721,21.5801210710372,37.47544910538276,0.17453292519943295,21.21824,-18.465022788733744,-6.282616861190722,-8.463885610179936
45.0,1.2704173297388544,-0.2517122874002979,0.07207959458778498,18.278648424038874,37.80999407081029,3.077646587490618,15.284779983286374,38.001701554926555,21.272516864791378,37.618286586694026,0.17453292519943295,21.21824,-14.903518418180065,-8.94783085521982,-9.783805444634844
45.25,1.2697774719098067,-0.25116147137877776,0.07206017018741424,17.96570379157545,37.89318496039933,3.0956490432175046,14.968869457673025,38.030967307394896,20.962538125477877,37.75540261340377,0.17453292519943295,21.21824,-17.469423090577298,-0.913593051335187,-1.4116027146285064
45.5,1.269132890956904,-0.2504727162415694,0.07209135710622701,17.651476211258256,37.97053218653584,3.11366227318153,14.652646294414158,38.0543124338548,20.650306128102354,37.886751939216886,0.17453292519943295,21.21824,-17.816409380327457,-1.6512617287186488,-0.17311955563644807
45.75,1.2685083302968647,-0.24978882951065692,0.07214696037581235,17.33606352661257,38.042041260382796,3.1316821911648427,14.336210851304957,38.071772160970774,20.33591620192018,38.01231035979482,0.17453292519943295,21.21824,-18.490790370881818,-3.840508547294921,-12.825844869634162
46.0,1.2679338434102692,-0.24929885612170483,0.07214797802175366,17.019562073315925,38.10772777127755,3.1496950706887428,14.019660546521468,38.08342078593828,20.019463600110385,38.132034756616825,0.17453292519943295,21.21824,-18.55306775908992,1.8177020278113458,-1.6543846623063982
46.25,1.2673345339037339,-0.24872046980487716,0.07212940929753342,16.70208188475309,38.167535037824436,3.16770709119877,13.703104772397522,38.089200629245106,19.701058997108657,38.245869446403766,0.17453292519943295,21.21824,-17.415163515627967,0.43451426280480376,-5.4862339503630135
46.5,1.2667606000837797,-0.2479496616333482,0.07217158724173106,16.38372143945741,38.221435343255735,3.1857320688695294,13.386643396981823,38.08906009137422,19.380799481933,38.35381059513725,0.17453292519943295,21.21824,-17.01595458250432,-1.1893790559492257,-2.3464665082504137
46.75,1.2662613501222177,-0.2473908540615029,0.07221390638826646,16.064577519629232,38.26947921624814,3.2037601083953966,13.07037284144768,38.08309696077376,19.058782197810782,38.455861471722535,0.17453292519943295,21.21824,-19.185992992865256,0.13886752190402762,2.4780519224062885
47.0,1.2657341865408585,-0.24685908900404935,0.07217641931875543,15.74477176182485,38.31163165438809,3.2217776714628488,12.754411051040048,38.07133429819247,18.735132472609653,38.55192901058371,0.17453292519943295,21.21824,-18.373372883597092,-0.41187015972606994,-4.831388790047214
47.25,1.2652203072940031,-0.24636730360641965,0.07219380281129985,15.42440103612578,38.34788344014449,3.239808641701017,12.438858978764557,38.05370896176928,18.409943093487,38.642057918519704,0.17453292519943295,21.21824,-18.883052550464665,0.2326234210714017,-7.17394687222748
47.5,1.2647181549791497,-0.24578518327451238,0.0722089100354979,15.103572689864974,38.37820958713616,3.257843753748967,12.123821347979186,38.03024128322064,18.083324031750763,38.72617789105169,0.17453292519943295,21.21824,-17.33460449712345,4.703189576668622,-0.8032991286247418
47.75,1.2642490351258413,-0.2450682427018706,0.07225392140757457,14.782389886274668,38.40259712366088,3.2758890586459812,11.80940253730988,38.00091786990818,17.755377235239454,38.80427637741358,0.17453292519943295,21.21824,-18.328100430201747,7.509302439237184,3.8529460627945165
48.0,1.2637631211195288,-0.2446209938432525,0.072232178898135,14.460958806540807,38.421103481567116,3.2939292362779526,11.495701192905221,37.965859278115616,17.42621642017639,38.876347685018615,0.17453292519943295,21.21824,-17.51129341088148,1.4838524229563064,2.938643815015105
48.25,1.263337939007381,-0.24399455098595058,0.07231857727386233,14.139379662864341,38.43365543232771,3.3119938471803843,11.182829224706566,37.92492219513059,17.095930101022116,38.94238866952484,0.17453292519943295,21.21824,-18.803432856934144,8.8821198373691,8.92563208587871
48.5,1.262888940161631,-0.24342903892643208,0.0723432585609269,13.817766913217145,38.44029040678394,3.330055342119285,10.870886684566095,37.87824332869747,16.764647141868195,39.0023374848704,0.17453292519943295,21.21824,-18.174681705614823,8.561112915781205,4.291156130869577
48.75,1.2624511575993531,-0.24283133128406212,0.07240697931206931,13.49622188910786,38.44099214091959,3.348131371399189,10.559982109535184,37.82577189023289,16.432461668680535,39.05621239160629,0.17453292519943295,21.21824,-18.987522551027347,11.124461087795128,13.516391866876072
49.0,1.2620738074651208,-0.242416976523736,0.07243092157276117,13.174836305724378,38.43579286392689,3.3662088659169047,10.250197323479755,37.76759616868279,16.099475287969,39.10398955917099,0.17453292519943295,21.21824,-17.523619496190243,3.87054188807462,10.418887173908136
49.25,1.2616726535161333,-0.24171247662957834,0.07246167338948546,12.853742239001832,38.42462720624921,3.3842964969400224,9.941667095928425,37.703642906077576,15.76581738207524,39.14561150642085,0.17453292519943295,21.21824,-17.733506361015166,11.026343265607345,10.4095248273425
49.5,1.2613374518520502,-0.24103998143893587,0.07246393151969485,12.53302214584067,38.407543754820814,3.402388639676265,9.634467027447602,37.633994644784906,15.43157726423374,39.181092864856716,0.17453292519943295,21.21824,-17.742762912281925,14.222059993641855,9.018248727641405
49.75,1.2610381787498954,-0.24050156058544014,0.0725447828861441,12.212780668084902,38.38456119948991,3.4205039523371124,9.328713455774265,37.558633651290464,15.096847880395538,39.21048874768936,0.17453292519943295,21.21824,-16.32188572789233,16.645972263529693,18.95992230166869
50.0,1.2606492322495033,-0.23986346251424237,0.07257813686421576,11.893150691917343,38.3556598184925,3.4386215859440403,9.024519846313332,37.47761820692205,14.761781537521355,39.233701430062936,0.17453292519943295,21.21824,-17.56493116549406,16.777733262829617,11.701300991205374
